2025020001
2025020002
2025020003
2025020004
2025020005
2025020006
2025020007
2025020008
2025020009
2025020010
2025020011
2025020012
2025020013
2025020014
2025020015
2025020016
2025020017
2025020018
2025020019
2025020020
2025020021
2025020022
2025020023
2025020024
2025020025
2025020026
2025020027
2025020028
2025020029
2025020030
2025020031
2025020032
2025020033
2025020034
2025020035
2025020036
2025020037
2025020038
2025020039
2025020040
2025020041
2025020042
2025020043
2025020044
2025020045
2025020046
2025020047
2025020048
2025020049
2025020050
2025020051
2025020052
2025020053
2025020054
2025020055
2025020056
2025020109
2025020110
2025020111
2025020112
2025020113
2025020114
2025020115
2025020116
2025020117
2025020118
2025020119
2025020120
2025020121
2025020122
2025020123
2025020124
2025020125
2025020126
2025020182
2025020183
2025020184
2025020185
2025020186
2025020187
2025020188
2025020189
2025020190
2025020191
2025020192
2025020193
2025020194
2025020195
2025020196
2025020197
2025020198
2025020199
2025020200
