2024020001
2024020002
2024020003
2024020004
2024020005
2024020006
2024020007
2024020008
2024020009
2024020010
2024020011
2024020012
2024020013
2024020014
2024020015
2024020016
2024020017
2024020018
2024020019
2024020020
2024020021
2024020022
2024020023
2024020024
2024020025
2024020026
2024020027
2024020028
2024020029
2024020030
2024020031
2024020032
2024020033
2024020034
2024020035
2024020036
2024020037
2024020038
2024020039
2024020040
2024020041
2024020042
2024020043
2024020044
2024020045
2024020046
2024020047
2024020048
2024020049
2024020050
2024020051
2024020052
2024020053
2024020054
2024020055
2024020056
2024020057
2024020058
2024020059
2024020060
2024020061
2024020062
2024020063
2024020064
2024020065
2024020066
2024020067
2024020068
2024020069
2024020070
2024020071
2024020072
2024020073
2024020074
2024020075
2024020076
2024020077
2024020078
2024020079
2024020080
2024020081
2024020082
2024020083
2024020084
2024020085
2024020086
2024020087
2024020088
2024020089
2024020090
2024020091
2024020092
2024020093
2024020094
2024020095
2024020096
2024020097
2024020098
2024020099
2024020100
2024020101
2024020102
2024020103
2024020104
2024020105
2024020106
2024020107
2024020108
2024020109
2024020110
2024020111
2024020112
2024020113
2024020114
2024020115
2024020116
2024020117
2024020118
2024020119
2024020120
2024020121
2024020122
2024020123
2024020124
2024020125
2024020126
2024020127
2024020128
2024020129
2024020130
2024020131
2024020132
2024020133
2024020134
2024020135
2024020136
2024020137
2024020138
2024020139
2024020140
2024020141
2024020142
2024020143
2024020144
2024020145
2024020146
2024020147
2024020148
2024020149
2024020150
2024020151
2024020152
2024020153
2024020154
2024020155
2024020156
2024020157
2024020158
2024020159
2024020160
2024020161
2024020162
2024020163
2024020164
2024020165
2024020166
2024020167
2024020168
2024020169
2024020170
2024020171
2024020172
2024020173
2024020174
2024020175
2024020176
2024020177
2024020178
2024020179
2024020180
2024020181
2024020182
2024020183
2024020184
2024020185
2024020186
2024020187
2024020188
2024020189
2024020190
2024020191
2024020192
2024020193
2024020194
2024020195
2024020196
2024020197
2024020198
2024020199
2024020200
